# Version 1.0
# DOI https://doi.org/10.1007/JHEP11%282018%29013
# Source https://www.hepdata.net/download/table/ins1657384/Table%207/1/yaml
# System PbPb2760
# Centrality 20-30
# XY PT RAA
# Label xmin xmax y stat,low stat,high sys,low sys,high sys,extra,low sys,extra,high
# Experiment ALICE
# 
1.499999999999999667e-01 2.000000000000000111e-01 2.409969999999999890e-01 1.185699999999999981e-04 1.185699999999999981e-04 1.842900000000000094e-02 1.842900000000000094e-02 6.506918999999999897e-03 6.506918999999999897e-03
2.000000000000000111e-01 2.500000000000000000e-01 2.418420000000000014e-01 7.731700000000000530e-05 7.731700000000000530e-05 1.292300000000000046e-02 1.292300000000000046e-02 6.529733999999999712e-03 6.529733999999999712e-03
2.500000000000000000e-01 3.000000000000000444e-01 2.490159999999999874e-01 7.456299999999999744e-05 7.456299999999999744e-05 1.210499999999999944e-02 1.210499999999999944e-02 6.723431999999999673e-03 6.723431999999999673e-03
2.999999999999999334e-01 3.499999999999999778e-01 2.582220000000000071e-01 7.675500000000000627e-05 7.675500000000000627e-05 1.227899999999999998e-02 1.227899999999999998e-02 6.971994000000000455e-03 6.971994000000000455e-03
3.499999999999999778e-01 4.000000000000000222e-01 2.693570000000000131e-01 8.187900000000000668e-05 8.187900000000000668e-05 1.290299999999999954e-02 1.290299999999999954e-02 7.272639000000000013e-03 7.272639000000000013e-03
4.000000000000000222e-01 4.500000000000000666e-01 2.811000000000000165e-01 8.869199999999999719e-05 8.869199999999999719e-05 1.311099999999999939e-02 1.311099999999999939e-02 7.589700000000000439e-03 7.589700000000000439e-03
4.499999999999999556e-01 5.000000000000000000e-01 2.931070000000000064e-01 9.906399999999999885e-05 9.906399999999999885e-05 1.360199999999999951e-02 1.360199999999999951e-02 7.913889000000000340e-03 7.913889000000000340e-03
5.000000000000000000e-01 5.500000000000000444e-01 3.062949999999999839e-01 1.127700000000000062e-04 1.127700000000000062e-04 1.374599999999999954e-02 1.374599999999999954e-02 8.269964999999998914e-03 8.269964999999998914e-03
5.500000000000000444e-01 5.999999999999998668e-01 3.195819999999999772e-01 1.275399999999999884e-04 1.275399999999999884e-04 1.420800000000000014e-02 1.420800000000000014e-02 8.628713999999999135e-03 8.628713999999999135e-03
5.999999999999999778e-01 6.500000000000000222e-01 3.336450000000000249e-01 1.449199999999999881e-04 1.449199999999999881e-04 1.421000000000000041e-02 1.421000000000000041e-02 9.008415000000000519e-03 9.008415000000000519e-03
6.500000000000001332e-01 6.999999999999999556e-01 3.464209999999999789e-01 1.643199999999999988e-04 1.643199999999999988e-04 1.438799999999999975e-02 1.438799999999999975e-02 9.353366999999999584e-03 9.353366999999999584e-03
6.999999999999999556e-01 7.500000000000000000e-01 3.597730000000000095e-01 1.845999999999999876e-04 1.845999999999999876e-04 1.539699999999999923e-02 1.539699999999999923e-02 9.713871000000000658e-03 9.713871000000000658e-03
7.500000000000000000e-01 8.000000000000000444e-01 3.718400000000000039e-01 2.062499999999999989e-04 2.062499999999999989e-04 1.590199999999999947e-02 1.590199999999999947e-02 1.003968000000000048e-02 1.003968000000000048e-02
8.000000000000000444e-01 8.499999999999998668e-01 3.836950000000000083e-01 2.297900000000000073e-04 2.297900000000000073e-04 1.644400000000000028e-02 1.644400000000000028e-02 1.035976499999999995e-02 1.035976499999999995e-02
8.499999999999999778e-01 9.000000000000000222e-01 3.950389999999999735e-01 2.552899999999999766e-04 2.552899999999999766e-04 1.782800000000000010e-02 1.782800000000000010e-02 1.066605299999999999e-02 1.066605299999999999e-02
9.000000000000001332e-01 9.499999999999999556e-01 4.059409999999999963e-01 2.827099999999999817e-04 2.827099999999999817e-04 1.954600000000000087e-02 1.954600000000000087e-02 1.096040700000000014e-02 1.096040700000000014e-02
9.499999999999999556e-01 1.000000000000000000e+00 4.170869999999999855e-01 3.088999999999999732e-04 3.088999999999999732e-04 1.876600000000000143e-02 1.876600000000000143e-02 1.126134899999999862e-02 1.126134899999999862e-02
1.000000000000000000e+00 1.100000000000000089e+00 4.318739999999999801e-01 2.459800000000000268e-04 2.459800000000000268e-04 1.986399999999999971e-02 1.986399999999999971e-02 1.166059799999999945e-02 1.166059799999999945e-02
1.100000000000000089e+00 1.199999999999999734e+00 4.494549999999999934e-01 2.845400000000000099e-04 2.845400000000000099e-04 2.087599999999999872e-02 2.087599999999999872e-02 1.213528499999999913e-02 1.213528499999999913e-02
1.199999999999999734e+00 1.399999999999999911e+00 4.716910000000000269e-01 2.347999999999999881e-04 2.347999999999999881e-04 2.317800000000000069e-02 2.317800000000000069e-02 1.273565700000000092e-02 1.273565700000000092e-02
1.399999999999999911e+00 1.600000000000000089e+00 4.949749999999999983e-01 3.015599999999999791e-04 3.015599999999999791e-04 2.477299999999999988e-02 2.477299999999999988e-02 1.336432499999999982e-02 1.336432499999999982e-02
1.600000000000000089e+00 1.800000000000000266e+00 5.090850000000000097e-01 3.763400000000000187e-04 3.763400000000000187e-04 2.546100000000000099e-02 2.546100000000000099e-02 1.374529499999999939e-02 1.374529499999999939e-02
1.799999999999999822e+00 2.000000000000000000e+00 5.161869999999999514e-01 4.611999999999999889e-04 4.611999999999999889e-04 2.686799999999999952e-02 2.686799999999999952e-02 1.393704899999999823e-02 1.393704899999999823e-02
2.000000000000000000e+00 2.200000000000000178e+00 5.156509999999999705e-01 5.724000000000000355e-04 5.724000000000000355e-04 2.750100000000000114e-02 2.750100000000000114e-02 1.392257699999999848e-02 1.392257699999999848e-02
2.200000000000000178e+00 2.399999999999999467e+00 5.070480000000000542e-01 6.705699999999999985e-04 6.705699999999999985e-04 2.595599999999999991e-02 2.595599999999999991e-02 1.369029600000000110e-02 1.369029600000000110e-02
2.399999999999999911e+00 2.600000000000000089e+00 4.936809999999999810e-01 7.729600000000000533e-04 7.729600000000000533e-04 2.409800000000000136e-02 2.409800000000000136e-02 1.332938699999999983e-02 1.332938699999999983e-02
2.600000000000000533e+00 2.799999999999999822e+00 4.789309999999999956e-01 8.841100000000000174e-04 8.841100000000000174e-04 2.304300000000000098e-02 2.304300000000000098e-02 1.293113700000000053e-02 1.293113700000000053e-02
2.799999999999999822e+00 3.000000000000000000e+00 4.545960000000000001e-01 9.813599999999999147e-04 9.813599999999999147e-04 2.143199999999999966e-02 2.143199999999999966e-02 1.227409200000000034e-02 1.227409200000000034e-02
3.000000000000000000e+00 3.200000000000000178e+00 4.345809999999999951e-01 1.097899999999999961e-03 1.097899999999999961e-03 2.141600000000000101e-02 2.141600000000000101e-02 1.173368699999999959e-02 1.173368699999999959e-02
3.200000000000000178e+00 3.600000000000000533e+00 4.039909999999999890e-01 8.692599999999999546e-04 8.692599999999999546e-04 1.932299999999999990e-02 1.932299999999999990e-02 1.090775699999999883e-02 1.090775699999999883e-02
3.599999999999999645e+00 4.000000000000000000e+00 3.608870000000000133e-01 1.025499999999999936e-03 1.025499999999999936e-03 1.825299999999999839e-02 1.825299999999999839e-02 9.743949000000000013e-03 9.743949000000000013e-03
4.000000000000000000e+00 5.000000000000000000e+00 3.132710000000000217e-01 8.525600000000000366e-04 8.525600000000000366e-04 1.528900000000000051e-02 1.528900000000000051e-02 8.458316999999999919e-03 8.458316999999999919e-03
5.000000000000000000e+00 6.000000000000000000e+00 2.662180000000000102e-01 1.255299999999999992e-03 1.255299999999999992e-03 1.210699999999999971e-02 1.210699999999999971e-02 7.187886000000000102e-03 7.187886000000000102e-03
6.000000000000000000e+00 8.000000000000000000e+00 2.501650000000000262e-01 1.520199999999999980e-03 1.520199999999999980e-03 1.137499999999999969e-02 1.137499999999999969e-02 6.754455000000000355e-03 6.754455000000000355e-03
8.000000000000000000e+00 1.000000000000000000e+01 2.680159999999999765e-01 3.257700000000000092e-03 3.257700000000000092e-03 1.156000000000000083e-02 1.156000000000000083e-02 7.236431999999999240e-03 7.236431999999999240e-03
1.000000000000000000e+01 1.300000000000000000e+01 2.986480000000000246e-01 5.528800000000000381e-03 5.528800000000000381e-03 1.277099999999999937e-02 1.277099999999999937e-02 8.063495999999999858e-03 8.063495999999999858e-03
1.300000000000000000e+01 2.000000000000000000e+01 3.705080000000000040e-01 1.084199999999999921e-02 1.084199999999999921e-02 1.771599999999999911e-02 1.771599999999999911e-02 1.000371599999999930e-02 1.000371599999999930e-02
2.000000000000000000e+01 3.000000000000000000e+01 4.484569999999999945e-01 3.316800000000000304e-02 3.316800000000000304e-02 2.072600000000000137e-02 2.072600000000000137e-02 1.210833899999999921e-02 1.210833899999999921e-02
3.000000000000000000e+01 5.000000000000000000e+01 6.889480000000000048e-01 1.300199999999999967e-01 1.300199999999999967e-01 3.915799999999999836e-02 3.915799999999999836e-02 1.860159600000000149e-02 1.860159600000000149e-02
