# Version 1.0
# DOI https://doi.org/10.1007/JHEP11%282018%29013
# Source https://www.hepdata.net/download/table/ins1657384/Table%208/1/yaml
# System PbPb5020
# Centrality 0-5
# XY PT RAA
# Label xmin xmax y stat,low stat,high sys,low sys,high sys,extra,low sys,extra,high
# Experiment ALICE
# 
1.499999999999999667e-01 2.000000000000000111e-01 1.884939999999999949e-01 6.470600000000000017e-05 6.470600000000000017e-05 1.187900000000000067e-02 1.187900000000000067e-02 5.089337999999999675e-03 5.089337999999999675e-03
2.000000000000000111e-01 2.500000000000000000e-01 1.980099999999999916e-01 4.218199999999999695e-05 4.218199999999999695e-05 9.443500000000000505e-03 9.443500000000000505e-03 5.346269999999999321e-03 5.346269999999999321e-03
2.500000000000000000e-01 3.000000000000000444e-01 2.077920000000000045e-01 4.036100000000000202e-05 4.036100000000000202e-05 8.634799999999999767e-03 8.634799999999999767e-03 5.610384000000000378e-03 5.610384000000000378e-03
2.999999999999999334e-01 3.499999999999999778e-01 2.193269999999999942e-01 4.134100000000000280e-05 4.134100000000000280e-05 6.766600000000000219e-03 6.766600000000000219e-03 5.921828999999999982e-03 5.921828999999999982e-03
3.499999999999999778e-01 4.000000000000000222e-01 2.311759999999999926e-01 4.376700000000000295e-05 4.376700000000000295e-05 5.842499999999999603e-03 5.842499999999999603e-03 6.241751999999999717e-03 6.241751999999999717e-03
4.000000000000000222e-01 4.500000000000000666e-01 2.433869999999999922e-01 4.719600000000000010e-05 4.719600000000000010e-05 5.883700000000000388e-03 5.883700000000000388e-03 6.571449000000000040e-03 6.571449000000000040e-03
4.499999999999999556e-01 5.000000000000000000e-01 2.554710000000000036e-01 5.250799999999999939e-05 5.250799999999999939e-05 6.166500000000000106e-03 6.166500000000000106e-03 6.897717000000000258e-03 6.897717000000000258e-03
5.000000000000000000e-01 5.500000000000000444e-01 2.675279999999999880e-01 5.942099999999999910e-05 5.942099999999999910e-05 6.351400000000000101e-03 6.351400000000000101e-03 7.223255999999999948e-03 7.223255999999999948e-03
5.500000000000000444e-01 5.999999999999998668e-01 2.796770000000000089e-01 6.673899999999999917e-05 6.673899999999999917e-05 6.202199999999999727e-03 6.202199999999999727e-03 7.551279000000000151e-03 7.551279000000000151e-03
5.999999999999999778e-01 6.500000000000000222e-01 2.914860000000000229e-01 7.514200000000000664e-05 7.514200000000000664e-05 6.412499999999999797e-03 6.412499999999999797e-03 7.870122000000000229e-03 7.870122000000000229e-03
6.500000000000001332e-01 6.999999999999999556e-01 3.028859999999999886e-01 8.473800000000000082e-05 8.473800000000000082e-05 6.396999999999999909e-03 6.396999999999999909e-03 8.177921999999998928e-03 8.177921999999998928e-03
6.999999999999999556e-01 7.500000000000000000e-01 3.143750000000000155e-01 9.457400000000000626e-05 9.457400000000000626e-05 6.414200000000000110e-03 6.414200000000000110e-03 8.488125000000000878e-03 8.488125000000000878e-03
7.500000000000000000e-01 8.000000000000000444e-01 3.247380000000000266e-01 1.052499999999999969e-04 1.052499999999999969e-04 6.642900000000000194e-03 6.642900000000000194e-03 8.767926000000000539e-03 8.767926000000000539e-03
8.000000000000000444e-01 8.499999999999998668e-01 3.349960000000000160e-01 1.167500000000000054e-04 1.167500000000000054e-04 6.906299999999999766e-03 6.906299999999999766e-03 9.044892000000000556e-03 9.044892000000000556e-03
8.499999999999999778e-01 9.000000000000000222e-01 3.445799999999999974e-01 1.290800000000000042e-04 1.290800000000000042e-04 6.611699999999999869e-03 6.611699999999999869e-03 9.303660000000000055e-03 9.303660000000000055e-03
9.000000000000001332e-01 9.499999999999999556e-01 3.532600000000000184e-01 1.419299999999999913e-04 1.419299999999999913e-04 6.469100000000000197e-03 6.469100000000000197e-03 9.538020000000001219e-03 9.538020000000001219e-03
9.499999999999999556e-01 1.000000000000000000e+00 3.617279999999999940e-01 1.541299999999999897e-04 1.541299999999999897e-04 6.768699999999999890e-03 6.768699999999999890e-03 9.766656000000000296e-03 9.766656000000000296e-03
1.000000000000000000e+00 1.100000000000000089e+00 3.724299999999999833e-01 1.209299999999999958e-04 1.209299999999999958e-04 7.095500000000000244e-03 7.095500000000000244e-03 1.005560999999999955e-02 1.005560999999999955e-02
1.100000000000000089e+00 1.199999999999999734e+00 3.864060000000000272e-01 1.381200000000000125e-04 1.381200000000000125e-04 7.421500000000000145e-03 7.421500000000000145e-03 1.043296200000000049e-02 1.043296200000000049e-02
1.199999999999999734e+00 1.399999999999999911e+00 4.028059999999999974e-01 1.118399999999999999e-04 1.118399999999999999e-04 8.524800000000000780e-03 8.524800000000000780e-03 1.087576200000000062e-02 1.087576200000000062e-02
1.399999999999999911e+00 1.600000000000000089e+00 4.198140000000000205e-01 1.409000000000000096e-04 1.409000000000000096e-04 1.013799999999999944e-02 1.013799999999999944e-02 1.133497800000000076e-02 1.133497800000000076e-02
1.600000000000000089e+00 1.800000000000000266e+00 4.311530000000000085e-01 1.734700000000000044e-04 1.734700000000000044e-04 1.125100000000000058e-02 1.125100000000000058e-02 1.164113100000000074e-02 1.164113100000000074e-02
1.799999999999999822e+00 2.000000000000000000e+00 4.344080000000000163e-01 2.086000000000000018e-04 2.086000000000000018e-04 1.192700000000000010e-02 1.192700000000000010e-02 1.172901600000000009e-02 1.172901600000000009e-02
2.000000000000000000e+00 2.200000000000000178e+00 4.351410000000000000e-01 2.565900000000000082e-04 2.565900000000000082e-04 1.245300000000000053e-02 1.245300000000000053e-02 1.174880700000000000e-02 1.174880700000000000e-02
2.200000000000000178e+00 2.399999999999999467e+00 4.275010000000000199e-01 2.970800000000000220e-04 2.970800000000000220e-04 1.189300000000000079e-02 1.189300000000000079e-02 1.154252700000000034e-02 1.154252700000000034e-02
2.399999999999999911e+00 2.600000000000000089e+00 4.135360000000000147e-01 3.368000000000000009e-04 3.368000000000000009e-04 1.176199999999999989e-02 1.176199999999999989e-02 1.116547200000000094e-02 1.116547200000000094e-02
2.600000000000000533e+00 2.799999999999999822e+00 3.933869999999999867e-01 3.740099999999999783e-04 3.740099999999999783e-04 1.163600000000000051e-02 1.163600000000000051e-02 1.062144899999999982e-02 1.062144899999999982e-02
2.799999999999999822e+00 3.000000000000000000e+00 3.700419999999999821e-01 4.087900000000000214e-04 4.087900000000000214e-04 1.104699999999999953e-02 1.104699999999999953e-02 9.991133999999998738e-03 9.991133999999998738e-03
3.000000000000000000e+00 3.200000000000000178e+00 3.476119999999999766e-01 4.448799999999999825e-04 4.448799999999999825e-04 1.065999999999999934e-02 1.065999999999999934e-02 9.385523999999999256e-03 9.385523999999999256e-03
3.200000000000000178e+00 3.600000000000000533e+00 3.129279999999999839e-01 3.422799999999999823e-04 3.422799999999999823e-04 9.765400000000000469e-03 9.765400000000000469e-03 8.449055999999999927e-03 8.449055999999999927e-03
3.599999999999999645e+00 4.000000000000000000e+00 2.625230000000000063e-01 3.767900000000000025e-04 3.767900000000000025e-04 8.036299999999999694e-03 8.036299999999999694e-03 7.088121000000000178e-03 7.088121000000000178e-03
4.000000000000000000e+00 5.000000000000000000e+00 2.051350000000000118e-01 2.810199999999999894e-04 2.810199999999999894e-04 6.414999999999999696e-03 6.414999999999999696e-03 5.538645000000000027e-03 5.538645000000000027e-03
5.000000000000000000e+00 6.000000000000000000e+00 1.496290000000000120e-01 3.545600000000000205e-04 3.545600000000000205e-04 4.112499999999999836e-03 4.112499999999999836e-03 4.039983000000000463e-03 4.039983000000000463e-03
6.000000000000000000e+00 8.000000000000000000e+00 1.310149999999999926e-01 3.987700000000000055e-04 3.987700000000000055e-04 3.636799999999999929e-03 3.636799999999999929e-03 3.537404999999999543e-03 3.537404999999999543e-03
8.000000000000000000e+00 1.000000000000000000e+01 1.393770000000000009e-01 8.172599999999999917e-04 8.172599999999999917e-04 3.982699999999999609e-03 3.982699999999999609e-03 3.763179000000000177e-03 3.763179000000000177e-03
1.000000000000000000e+01 1.300000000000000000e+01 1.617939999999999934e-01 1.402299999999999987e-03 1.402299999999999987e-03 5.419000000000000206e-03 5.419000000000000206e-03 4.368437999999999662e-03 4.368437999999999662e-03
1.300000000000000000e+01 2.000000000000000000e+01 2.007400000000000018e-01 2.577799999999999883e-03 2.577799999999999883e-03 9.187499999999999487e-03 9.187499999999999487e-03 5.419979999999999590e-03 5.419979999999999590e-03
2.000000000000000000e+01 3.000000000000000000e+01 2.941039999999999766e-01 9.237900000000000278e-03 9.237900000000000278e-03 1.661599999999999883e-02 1.661599999999999883e-02 7.940807999999998854e-03 7.940807999999998854e-03
3.000000000000000000e+01 5.000000000000000000e+01 3.649249999999999994e-01 2.598599999999999868e-02 2.598599999999999868e-02 2.429999999999999868e-02 2.429999999999999868e-02 9.852974999999999928e-03 9.852974999999999928e-03
