# Version 1.0
# DOI https://doi.org/10.17182/hepdata.71310
# Source https://www.hepdata.net/download/table/ins1377750/Table%2010/1/yaml
# System PbPb2760
# Centrality 20-40
# XY PT RAA
# Label xmin xmax y stat,low stat,high sys,low sys,high
# Experiment ALICE
# 
1.000000000000000056e-01 1.199999999999999956e-01 2.602999999999999758e-01 8.344000000000000071e-04 8.344000000000000071e-04 3.568000000000000338e-02 3.568000000000000338e-02
1.199999999999999956e-01 1.400000000000000133e-01 2.585999999999999965e-01 6.045999999999999508e-04 6.045999999999999508e-04 2.995000000000000093e-02 2.995000000000000093e-02
1.400000000000000133e-01 1.600000000000000311e-01 2.594000000000000195e-01 5.465000000000000023e-04 5.465000000000000023e-04 2.974999999999999867e-02 2.974999999999999867e-02
1.599999999999999756e-01 1.799999999999999933e-01 2.605999999999999983e-01 5.148999999999999931e-04 5.148999999999999931e-04 2.987000000000000072e-02 2.987000000000000072e-02
1.799999999999999933e-01 2.000000000000000111e-01 2.611999999999999877e-01 4.931000000000000053e-04 4.931000000000000053e-04 3.004000000000000073e-02 3.004000000000000073e-02
2.000000000000000111e-01 2.500000000000000000e-01 2.627999999999999781e-01 3.519999999999999908e-04 3.519999999999999908e-04 2.120000000000000009e-02 2.120000000000000009e-02
2.500000000000000000e-01 3.000000000000000444e-01 2.721999999999999975e-01 3.719999999999999891e-04 3.719999999999999891e-04 2.180999999999999953e-02 2.180999999999999953e-02
2.999999999999999334e-01 3.499999999999999778e-01 2.846000000000000196e-01 3.926000000000000019e-04 3.926000000000000019e-04 2.199999999999999872e-02 2.199999999999999872e-02
3.499999999999999778e-01 4.000000000000000222e-01 2.988000000000000100e-01 4.419000000000000076e-04 4.419000000000000076e-04 2.165999999999999870e-02 2.165999999999999870e-02
4.000000000000000222e-01 4.500000000000000666e-01 3.140000000000000013e-01 4.968999999999999893e-04 4.968999999999999893e-04 2.223999999999999935e-02 2.223999999999999935e-02
4.499999999999999556e-01 5.000000000000000000e-01 3.272999999999999798e-01 5.555000000000000042e-04 5.555000000000000042e-04 2.307999999999999982e-02 2.307999999999999982e-02
5.000000000000000000e-01 5.500000000000000444e-01 3.363999999999999768e-01 5.793999999999999888e-04 5.793999999999999888e-04 1.888000000000000095e-02 1.888000000000000095e-02
5.500000000000000444e-01 5.999999999999998668e-01 3.518000000000000016e-01 6.543000000000000205e-04 6.543000000000000205e-04 1.951999999999999916e-02 1.951999999999999916e-02
5.999999999999999778e-01 6.500000000000000222e-01 3.649000000000000021e-01 1.062000000000000010e-03 1.062000000000000010e-03 2.561000000000000082e-02 2.561000000000000082e-02
6.500000000000001332e-01 6.999999999999999556e-01 3.814000000000000168e-01 1.203000000000000076e-03 1.203000000000000076e-03 2.663000000000000089e-02 2.663000000000000089e-02
6.999999999999999556e-01 7.500000000000000000e-01 3.975000000000000200e-01 1.355000000000000085e-03 1.355000000000000085e-03 2.764000000000000137e-02 2.764000000000000137e-02
7.500000000000000000e-01 8.000000000000000444e-01 4.107999999999999985e-01 1.521000000000000000e-03 1.521000000000000000e-03 2.858000000000000124e-02 2.858000000000000124e-02
8.000000000000000444e-01 8.499999999999998668e-01 4.232000000000000206e-01 1.727000000000000019e-03 1.727000000000000019e-03 2.937000000000000027e-02 2.937000000000000027e-02
8.499999999999999778e-01 9.000000000000000222e-01 4.349999999999999978e-01 1.897000000000000032e-03 1.897000000000000032e-03 3.017999999999999849e-02 3.017999999999999849e-02
9.000000000000001332e-01 9.499999999999999556e-01 4.497999999999999776e-01 2.154000000000000099e-03 2.154000000000000099e-03 3.099999999999999978e-02 3.099999999999999978e-02
9.499999999999999556e-01 1.000000000000000000e+00 4.642000000000000015e-01 2.406000000000000152e-03 2.406000000000000152e-03 3.193000000000000005e-02 3.193000000000000005e-02
1.000000000000000000e+00 1.100000000000000089e+00 4.762000000000000122e-01 1.912000000000000071e-03 1.912000000000000071e-03 3.282000000000000195e-02 3.282000000000000195e-02
1.100000000000000089e+00 1.199999999999999734e+00 4.923000000000000154e-01 2.262000000000000122e-03 2.262000000000000122e-03 3.391999999999999876e-02 3.391999999999999876e-02
1.199999999999999956e+00 1.300000000000000044e+00 5.051999999999999824e-01 2.344999999999999862e-03 2.344999999999999862e-03 3.939000000000000140e-02 3.939000000000000140e-02
1.300000000000000266e+00 1.399999999999999911e+00 5.120000000000000107e-01 2.687999999999999851e-03 2.687999999999999851e-03 4.014000000000000207e-02 4.014000000000000207e-02
1.399999999999999911e+00 1.500000000000000000e+00 5.121999999999999886e-01 2.995999999999999965e-03 2.995999999999999965e-03 4.050000000000000128e-02 4.050000000000000128e-02
1.500000000000000000e+00 1.600000000000000089e+00 5.182999999999999829e-01 2.749000000000000141e-03 2.749000000000000141e-03 3.889999999999999708e-02 3.889999999999999708e-02
1.600000000000000089e+00 1.699999999999999734e+00 5.031999999999999806e-01 3.063000000000000184e-03 3.063000000000000184e-03 3.830999999999999683e-02 3.830999999999999683e-02
1.699999999999999956e+00 1.800000000000000044e+00 4.924999999999999933e-01 3.216000000000000109e-03 3.216000000000000109e-03 3.808999999999999886e-02 3.808999999999999886e-02
1.800000000000000266e+00 1.899999999999999911e+00 4.815999999999999726e-01 3.406000000000000173e-03 3.406000000000000173e-03 3.796999999999999681e-02 3.796999999999999681e-02
1.899999999999999911e+00 2.000000000000000000e+00 4.721000000000000196e-01 3.772000000000000179e-03 3.772000000000000179e-03 3.767000000000000209e-02 3.767000000000000209e-02
1.999999999999999778e+00 2.099999999999999645e+00 4.621000000000000107e-01 3.903999999999999918e-03 3.903999999999999918e-03 3.749999999999999861e-02 3.749999999999999861e-02
2.100000000000000533e+00 2.200000000000000178e+00 4.519000000000000239e-01 4.270999999999999623e-03 4.270999999999999623e-03 3.672999999999999876e-02 3.672999999999999876e-02
2.200000000000000178e+00 2.299999999999999822e+00 4.376999999999999780e-01 4.274000000000000021e-03 4.274000000000000021e-03 3.658000000000000140e-02 3.658000000000000140e-02
2.299999999999999822e+00 2.399999999999999467e+00 4.243999999999999995e-01 4.439000000000000237e-03 4.439000000000000237e-03 3.556000000000000133e-02 3.556000000000000133e-02
2.400000000000000355e+00 2.500000000000000000e+00 4.128000000000000003e-01 5.100000000000000366e-03 5.100000000000000366e-03 3.490000000000000047e-02 3.490000000000000047e-02
2.500000000000000000e+00 2.599999999999999645e+00 4.195999999999999730e-01 7.374999999999999611e-03 7.374999999999999611e-03 4.034000000000000086e-02 4.034000000000000086e-02
2.600000000000000533e+00 2.700000000000000178e+00 4.048999999999999821e-01 7.795999999999999978e-03 7.795999999999999978e-03 3.848000000000000032e-02 3.848000000000000032e-02
2.700000000000000178e+00 2.799999999999999822e+00 4.064999999999999725e-01 8.304000000000000617e-03 8.304000000000000617e-03 3.885000000000000259e-02 3.885000000000000259e-02
2.799999999999999822e+00 2.899999999999999467e+00 3.847999999999999754e-01 8.304000000000000617e-03 8.304000000000000617e-03 3.647999999999999854e-02 3.647999999999999854e-02
2.900000000000000355e+00 3.000000000000000000e+00 3.759000000000000119e-01 8.656000000000000499e-03 8.656000000000000499e-03 3.857000000000000012e-02 3.857000000000000012e-02
3.000000000000000000e+00 3.200000000000000178e+00 3.669000000000000039e-01 4.604999999999999719e-03 4.604999999999999719e-03 3.246999999999999886e-02 3.246999999999999886e-02
3.200000000000000178e+00 3.399999999999999467e+00 3.553000000000000047e-01 5.871000000000000350e-03 5.871000000000000350e-03 3.036000000000000157e-02 3.036000000000000157e-02
3.399999999999999911e+00 3.600000000000000089e+00 3.381000000000000116e-01 5.549000000000000113e-03 5.549000000000000113e-03 3.037000000000000116e-02 3.037000000000000116e-02
3.600000000000000533e+00 3.799999999999999822e+00 3.241999999999999882e-01 5.477000000000000098e-03 5.477000000000000098e-03 2.996000000000000052e-02 2.996000000000000052e-02
3.799999999999999822e+00 4.000000000000000000e+00 3.078000000000000180e-01 5.212999999999999752e-03 5.212999999999999752e-03 2.936000000000000068e-02 2.936000000000000068e-02
4.000000000000000000e+00 4.500000000000000000e+00 2.852000000000000091e-01 2.292999999999999899e-03 2.292999999999999899e-03 3.459000000000000269e-02 3.459000000000000269e-02
4.500000000000000000e+00 5.000000000000000000e+00 2.707999999999999852e-01 2.608000000000000075e-03 2.608000000000000075e-03 3.282999999999999807e-02 3.282999999999999807e-02
5.000000000000000000e+00 5.500000000000000000e+00 2.592999999999999750e-01 2.743999999999999911e-03 2.743999999999999911e-03 3.153000000000000247e-02 3.153000000000000247e-02
5.500000000000000000e+00 6.000000000000000000e+00 2.545999999999999930e-01 3.187999999999999862e-03 3.187999999999999862e-03 3.099000000000000019e-02 3.099000000000000019e-02
6.000000000000000000e+00 6.500000000000000000e+00 2.569000000000000172e-01 3.810000000000000019e-03 3.810000000000000019e-03 3.146999999999999797e-02 3.146999999999999797e-02
6.500000000000000000e+00 7.000000000000000000e+00 2.624000000000000221e-01 4.701000000000000317e-03 4.701000000000000317e-03 3.232000000000000151e-02 3.232000000000000151e-02
7.000000000000000000e+00 8.000000000000000000e+00 2.632999999999999785e-01 4.682999999999999663e-03 4.682999999999999663e-03 3.259000000000000091e-02 3.259000000000000091e-02
8.000000000000000000e+00 9.000000000000000000e+00 2.738999999999999768e-01 6.655999999999999590e-03 6.655999999999999590e-03 3.388000000000000039e-02 3.388000000000000039e-02
9.000000000000000000e+00 1.000000000000000000e+01 2.955999999999999739e-01 9.450000000000000067e-03 9.450000000000000067e-03 3.665999999999999814e-02 3.665999999999999814e-02
1.000000000000000000e+01 1.100000000000000000e+01 3.210999999999999965e-01 1.328000000000000014e-02 1.328000000000000014e-02 4.003000000000000308e-02 4.003000000000000308e-02
1.100000000000000000e+01 1.200000000000000000e+01 3.382000000000000006e-01 1.761000000000000065e-02 1.761000000000000065e-02 4.245999999999999774e-02 4.245999999999999774e-02
1.200000000000000000e+01 1.300000000000000000e+01 3.605999999999999761e-01 2.279000000000000123e-02 2.279000000000000123e-02 4.567999999999999838e-02 4.567999999999999838e-02
1.300000000000000000e+01 1.400000000000000000e+01 3.682000000000000273e-01 2.915999999999999842e-02 2.915999999999999842e-02 4.734000000000000014e-02 4.734000000000000014e-02
1.400000000000000000e+01 1.500000000000000000e+01 4.076000000000000179e-01 3.873999999999999666e-02 3.873999999999999666e-02 5.317000000000000198e-02 5.317000000000000198e-02
1.500000000000000000e+01 1.600000000000000000e+01 4.182000000000000162e-01 4.780000000000000221e-02 4.780000000000000221e-02 5.544000000000000317e-02 5.544000000000000317e-02
1.600000000000000000e+01 1.800000000000000000e+01 3.987999999999999878e-01 4.207999999999999935e-02 4.207999999999999935e-02 5.417999999999999899e-02 5.417999999999999899e-02
1.800000000000000000e+01 2.000000000000000000e+01 4.591000000000000081e-01 6.722999999999999809e-02 6.722999999999999809e-02 6.486000000000000099e-02 6.486000000000000099e-02
