# Version 1.0
# DOI http://dx.doi.org/10.1007/JHEP04(2017)039
# Source https://www.hepdata.net/download/table/ins1496050/Table%2010/2/yaml
# System PbPb5020
# Centrality 10-30
# XY PT RAA
# Label xmin xmax y stat,low stat,high sys,low sys,high sys,TAA,low sys,TAA,high sys,lumi,low sys,lumi,high
# Experiment CMS
# 
6.999999999999999556e-01 8.000000000000000444e-01 3.456250000000000155e-01 1.699999999999999987e-05 1.699999999999999987e-05 2.706899999999999931e-02 2.706899999999999931e-02 9.331000000000000752e-03 1.175099999999999929e-02 7.948999999999999469e-03 7.948999999999999469e-03
8.000000000000000444e-01 9.000000000000001332e-01 3.695939999999999781e-01 1.900000000000000105e-05 1.900000000000000105e-05 2.922999999999999904e-02 2.922999999999999904e-02 9.979000000000000023e-03 1.256600000000000078e-02 8.500000000000000611e-03 8.500000000000000611e-03
8.999999999999999112e-01 1.000000000000000000e+00 4.042740000000000222e-01 2.199999999999999943e-05 2.199999999999999943e-05 3.212299999999999878e-02 3.212299999999999878e-02 1.091499999999999936e-02 1.374500000000000027e-02 9.298000000000000709e-03 9.298000000000000709e-03
1.000000000000000000e+00 1.100000000000000089e+00 4.259549999999999725e-01 2.500000000000000120e-05 2.500000000000000120e-05 3.637699999999999961e-02 3.637699999999999961e-02 1.149999999999999981e-02 1.448200000000000008e-02 9.795999999999999153e-03 9.795999999999999153e-03
1.100000000000000089e+00 1.199999999999999734e+00 4.452039999999999886e-01 2.799999999999999958e-05 2.799999999999999958e-05 3.781600000000000239e-02 3.781600000000000239e-02 1.201999999999999943e-02 1.513600000000000015e-02 1.023899999999999984e-02 1.023899999999999984e-02
1.199999999999999734e+00 1.399999999999999911e+00 4.663039999999999963e-01 2.400000000000000061e-05 2.400000000000000061e-05 4.515600000000000169e-02 4.515600000000000169e-02 1.259000000000000050e-02 1.585400000000000004e-02 1.072500000000000016e-02 1.072500000000000016e-02
1.399999999999999911e+00 1.600000000000000089e+00 4.874760000000000204e-01 3.199999999999999855e-05 3.199999999999999855e-05 5.054199999999999665e-02 5.054199999999999665e-02 1.316100000000000082e-02 1.657399999999999846e-02 1.121199999999999974e-02 1.121199999999999974e-02
1.600000000000000089e+00 1.800000000000000266e+00 5.074250000000000149e-01 4.000000000000000327e-05 4.000000000000000327e-05 6.152200000000000030e-02 6.152200000000000030e-02 1.370000000000000037e-02 1.725199999999999997e-02 1.166999999999999982e-02 1.166999999999999982e-02
1.799999999999999822e+00 2.000000000000000000e+00 5.094100000000000295e-01 4.899999999999999842e-05 4.899999999999999842e-05 6.175100000000000033e-02 6.175100000000000033e-02 1.375400000000000060e-02 1.731900000000000106e-02 1.171600000000000072e-02 1.171600000000000072e-02
2.000000000000000000e+00 2.200000000000000178e+00 5.094549999999999912e-01 5.800000000000000034e-05 5.800000000000000034e-05 7.132700000000000151e-02 7.132700000000000151e-02 1.375499999999999987e-02 1.732099999999999959e-02 1.171699999999999998e-02 1.171699999999999998e-02
2.200000000000000178e+00 2.399999999999999467e+00 5.003400000000000070e-01 6.799999999999999946e-05 6.799999999999999946e-05 7.005000000000000115e-02 7.005000000000000115e-02 1.350900000000000017e-02 1.701099999999999834e-02 1.150699999999999987e-02 1.150699999999999987e-02
2.399999999999999467e+00 3.200000000000000178e+00 4.658089999999999731e-01 4.600000000000000004e-05 4.600000000000000004e-05 7.306500000000000494e-02 7.306500000000000494e-02 1.257600000000000037e-02 1.583700000000000038e-02 1.071300000000000030e-02 1.071300000000000030e-02
3.200000000000000178e+00 4.000000000000000000e+00 3.784969999999999724e-01 6.999999999999999387e-05 6.999999999999999387e-05 6.360200000000000575e-02 6.360200000000000575e-02 1.021900000000000065e-02 1.286799999999999923e-02 8.704999999999999197e-03 8.704999999999999197e-03
4.000000000000000000e+00 4.800000000000000711e+00 2.945699999999999985e-01 9.299999999999999727e-05 9.299999999999999727e-05 4.462499999999999800e-02 4.462499999999999800e-02 7.953000000000000000e-03 1.001499999999999960e-02 6.774999999999999772e-03 6.774999999999999772e-03
4.799999999999998934e+00 5.599999999999999645e+00 2.452999999999999903e-01 1.200000000000000030e-04 1.200000000000000030e-04 2.912999999999999964e-02 2.912999999999999964e-02 6.620000000000000016e-03 8.340000000000000191e-03 5.640000000000000048e-03 5.640000000000000048e-03
5.599999999999999645e+00 6.400000000000000355e+00 2.233499999999999930e-01 1.600000000000000131e-04 1.600000000000000131e-04 2.329000000000000167e-02 2.329000000000000167e-02 6.029999999999999770e-03 7.590000000000000392e-03 5.130000000000000011e-03 5.130000000000000011e-03
6.400000000000000355e+00 7.200000000000001066e+00 2.205799999999999983e-01 2.200000000000000078e-04 2.200000000000000078e-04 2.102000000000000049e-02 2.102000000000000049e-02 5.950000000000000427e-03 7.499999999999999722e-03 5.069999999999999854e-03 5.069999999999999854e-03
7.200000000000001066e+00 9.599999999999999645e+00 2.314100000000000046e-01 2.200000000000000078e-04 2.200000000000000078e-04 2.084000000000000088e-02 2.084000000000000088e-02 6.239999999999999887e-03 7.860000000000000667e-03 5.320000000000000076e-03 5.320000000000000076e-03
9.600000000000001421e+00 1.200000000000000000e+01 2.733400000000000274e-01 4.899999999999999842e-04 4.899999999999999842e-04 2.462999999999999912e-02 2.462999999999999912e-02 7.380000000000000275e-03 9.289999999999999647e-03 6.279999999999999992e-03 6.279999999999999992e-03
1.200000000000000000e+01 1.439999999999999858e+01 2.925499999999999767e-01 8.499999999999999526e-04 8.499999999999999526e-04 2.886999999999999983e-02 2.886999999999999983e-02 7.889999999999999444e-03 9.939999999999999183e-03 6.720000000000000279e-03 6.720000000000000279e-03
1.440000000000000213e+01 1.919999999999999929e+01 3.405000000000000249e-01 1.199999999999999895e-03 1.199999999999999895e-03 3.359999999999999792e-02 3.359999999999999792e-02 9.199999999999999845e-03 1.149999999999999981e-02 7.799999999999999642e-03 7.799999999999999642e-03
1.920000000000000284e+01 2.400000000000000000e+01 4.003999999999999782e-01 2.500000000000000052e-03 2.500000000000000052e-03 3.869999999999999829e-02 3.869999999999999829e-02 1.080000000000000057e-02 1.359999999999999924e-02 9.199999999999999845e-03 9.199999999999999845e-03
2.400000000000000000e+01 2.879999999999999716e+01 4.515000000000000124e-01 4.400000000000000265e-03 4.400000000000000265e-03 4.359999999999999987e-02 4.359999999999999987e-02 1.220000000000000077e-02 1.529999999999999936e-02 1.030000000000000013e-02 1.030000000000000013e-02
2.879999999999999716e+01 3.520000000000000284e+01 4.666000000000000147e-01 5.799999999999999600e-03 5.799999999999999600e-03 4.510000000000000120e-02 4.510000000000000120e-02 1.260000000000000009e-02 1.580000000000000154e-02 1.069999999999999944e-02 1.069999999999999944e-02
3.520000000000000284e+01 4.160000000000000853e+01 5.254999999999999671e-01 8.399999999999999481e-03 8.399999999999999481e-03 5.079999999999999793e-02 5.079999999999999793e-02 1.420000000000000082e-02 1.779999999999999985e-02 1.200000000000000025e-02 1.200000000000000025e-02
4.159999999999999432e+01 4.800000000000000000e+01 5.979999999999999760e-01 1.000000000000000021e-02 1.000000000000000021e-02 5.800000000000000294e-02 5.800000000000000294e-02 1.600000000000000033e-02 2.000000000000000042e-02 1.400000000000000029e-02 1.400000000000000029e-02
4.800000000000000000e+01 6.079999999999999716e+01 6.383999999999999675e-01 8.300000000000000086e-03 8.300000000000000086e-03 6.199999999999999956e-02 6.199999999999999956e-02 1.720000000000000001e-02 2.199999999999999872e-02 1.469999999999999953e-02 1.469999999999999953e-02
6.079999999999999005e+01 7.359999999999999432e+01 6.929999999999999494e-01 1.200000000000000025e-02 1.200000000000000025e-02 6.800000000000000488e-02 6.800000000000000488e-02 1.899999999999999953e-02 2.400000000000000050e-02 1.600000000000000033e-02 1.600000000000000033e-02
7.359999999999999432e+01 8.640000000000000568e+01 7.439999999999999947e-01 1.299999999999999940e-02 1.299999999999999940e-02 7.299999999999999545e-02 7.299999999999999545e-02 2.000000000000000042e-02 2.500000000000000139e-02 1.700000000000000122e-02 1.700000000000000122e-02
8.640000000000000568e+01 1.035999999999999943e+02 7.890000000000000346e-01 1.499999999999999944e-02 1.499999999999999944e-02 7.799999999999999989e-02 7.799999999999999989e-02 2.100000000000000130e-02 2.699999999999999969e-02 1.799999999999999864e-02 1.799999999999999864e-02
1.035999999999999943e+02 1.207999999999999829e+02 7.670000000000000151e-01 2.400000000000000050e-02 2.400000000000000050e-02 7.599999999999999811e-02 7.599999999999999811e-02 2.100000000000000130e-02 2.599999999999999881e-02 1.799999999999999864e-02 1.799999999999999864e-02
1.208000000000000114e+02 1.400000000000000000e+02 7.990000000000000435e-01 3.500000000000000333e-02 3.500000000000000333e-02 7.900000000000000078e-02 7.900000000000000078e-02 2.199999999999999872e-02 2.699999999999999969e-02 1.799999999999999864e-02 1.799999999999999864e-02
1.400000000000000000e+02 1.650000000000000000e+02 8.199999999999999512e-01 4.800000000000000100e-02 4.800000000000000100e-02 8.100000000000000255e-02 8.100000000000000255e-02 2.199999999999999872e-02 2.800000000000000058e-02 1.899999999999999953e-02 1.899999999999999953e-02
1.650000000000000000e+02 2.500000000000000000e+02 7.990000000000000435e-01 5.899999999999999689e-02 5.899999999999999689e-02 8.000000000000000167e-02 8.000000000000000167e-02 2.199999999999999872e-02 2.699999999999999969e-02 1.799999999999999864e-02 1.799999999999999864e-02
2.500000000000000000e+02 4.000000000000000000e+02 1.008000000000000007e+00 2.310000000000000109e-01 2.310000000000000109e-01 1.019999999999999934e-01 1.019999999999999934e-01 2.699999999999999969e-02 3.400000000000000244e-02 2.299999999999999961e-02 2.299999999999999961e-02
